{
 "cells": [
  {
   "cell_type": "markdown",
   "metadata": {},
   "source": [
    "# Markov Chains"
   ]
  },
  {
   "cell_type": "markdown",
   "metadata": {},
   "source": [
    "In this script, we try to make a distinction between SBH and LBH. We will look at the frequency of function types and compare them between the books."
   ]
  },
  {
   "cell_type": "code",
   "execution_count": 52,
   "metadata": {
    "collapsed": true
   },
   "outputs": [],
   "source": [
    "import glob, re, getpass, collections, operator, scipy.stats, sklearn.metrics\n",
    "from itertools import chain\n",
    "from pprint import pprint\n",
    "import pandas as pd\n",
    "import numpy as np\n",
    "import matplotlib.pyplot as plt\n",
    "from discreteMarkovChain import markovChain\n",
    "from functions.bhsa import get_data, unique, lbh_books, sbh_books # <- here's the new data data load statement -CK\n",
    "\n",
    "from numpy.polynomial import Polynomial\n",
    "from scipy.cluster.hierarchy import linkage, dendrogram\n",
    "from scipy.stats import pearsonr \n",
    "from scipy.spatial.distance import pdist\n",
    "from scipy.stats import entropy\n",
    "from numpy.linalg import norm"
   ]
  },
  {
   "cell_type": "code",
   "execution_count": 3,
   "metadata": {
    "collapsed": true
   },
   "outputs": [],
   "source": [
    "all_data = get_data()"
   ]
  },
  {
   "cell_type": "markdown",
   "metadata": {},
   "source": [
    "# Functions"
   ]
  },
  {
   "cell_type": "code",
   "execution_count": 128,
   "metadata": {},
   "outputs": [],
   "source": [
    "def transitionWalk1(clauses):\n",
    "    states = list()\n",
    "    for clause in clauses:\n",
    "        states.append(\"Clause_Begin\")\n",
    "        states.extend(clause)\n",
    "        states.append(\"Clause_End\")\n",
    "    return states\n",
    "\n",
    "def transitionWalk2(clauses):\n",
    "    return list(chain(*clauses))\n",
    "\n",
    "def MarkovModel(transitionWalk):\n",
    "    nodes = list(set(transitionWalk))\n",
    "    transition_Matrix = np.zeros((len(nodes),len(nodes)))\n",
    "    \n",
    "    for i in range(0,len(transitionWalk)-1):\n",
    "        transition_Matrix[nodes.index(transitionWalk[i]), nodes.index(transitionWalk[i+1])] +=1 \n",
    "        \n",
    "    df_Trans = pd.DataFrame(transition_Matrix, columns = nodes, index = nodes)    \n",
    "    \n",
    "     # Remove unused transition functions\n",
    "    df_Trans = df_Trans[(df_Trans.T != 0).any()]\n",
    "    df_Trans_Count = df_Trans.loc[:,(df_Trans != 0).any(axis=0)]\n",
    "    \n",
    "    df_Trans_Prob = df_Trans_Count.div(df_Trans_Count.sum(axis=1), axis=0) \n",
    "    \n",
    "    return df_Trans_Count, df_Trans_Prob\n",
    "\n",
    "def makeMarkovModels(data):\n",
    "    df_Freq = dict()\n",
    "    df_Prob = dict()\n",
    "    \n",
    "    for bookname, clauses in data.items():\n",
    "        walk = transitionWalk2(clauses)\n",
    "        df_Trans_Count, df_Trans_Prob = MarkovModel(walk)\n",
    "        \n",
    "        df_Freq[bookname] = df_Trans_Count\n",
    "        df_Prob[bookname] = df_Trans_Prob\n",
    "    return df_Freq, df_Prob\n",
    "\n",
    "def MarkovChainSSP(df_Transition_prob, books):\n",
    "    df_MC_SSP = pd.DataFrame()\n",
    "    for bookname, transition in df_Transition_prob.items():\n",
    "\n",
    "        P = np.matrix(transition.values)\n",
    "        mc = markovChain(P)\n",
    "        mc.computePi('linear') #We can also use 'power', 'krylov' or 'eigen', 'linear'\n",
    "        \n",
    "        dfSS = pd.DataFrame(list(mc.pi), index=transition.index, columns=[bookname])\n",
    "        \n",
    "        df_MC_SSP= pd.concat([dfSS,df_MC_SSP], axis=1)\n",
    "        \n",
    "    df_MC_SSP= df_MC_SSP.sort_index(axis=1)\n",
    "    df_MC_SSP = df_MC_SSP.replace(np.nan,0.0)\n",
    "    return df_MC_SSP   \n",
    "\n",
    "def hellingerDistance(df_prob_M1,df_prob_M2):\n",
    "    df1 = df_prob_M1.applymap(np.sqrt)\n",
    "    df2 = df_prob_M2.applymap(np.sqrt)\n",
    "    df_sub = df1.subtract(df2, fill_value=0)\n",
    "    df_sub = df_sub.fillna(0.0)\n",
    "    df_sub = np.power(df_sub, 2)\n",
    "    sumDiff = np.sum(df_sub.values)\n",
    "    helligerDistance = np.sqrt(sumDiff)/np.sqrt(2)\n",
    "    return helligerDistance\n",
    "\n",
    "def totalVariationDistance(df_prob_M1, df_prob_M2):\n",
    "    df_sub = df_prob_M1.subtract(df_prob_M2, fill_value =0)\n",
    "    df_sub = df_sub.fillna(0.0)\n",
    "    maxVar = abs(df_sub.values).sum() *0.5\n",
    "    return maxVar\n",
    "\n",
    "def distanceMarkovTransitionMatrix(df_Prob, books):\n",
    "    df_Dist = pd.DataFrame(np.zeros((len(books), len(books))), columns = books, index = books) \n",
    "    for indexi,i in enumerate(books):\n",
    "        for indexj,j in enumerate(books):\n",
    "            x = df_Prob[i]\n",
    "            y = df_Prob[j]   \n",
    "            df_Dist.loc[i,j] = hellingerDistance(x,y)\n",
    "    return df_Dist\n",
    "            \n",
    "    \n",
    "    \n",
    "    "
   ]
  },
  {
   "cell_type": "markdown",
   "metadata": {},
   "source": [
    "## Analysis"
   ]
  },
  {
   "cell_type": "code",
   "execution_count": 119,
   "metadata": {},
   "outputs": [
    {
     "name": "stdout",
     "output_type": "stream",
     "text": [
      "['Pred', 'Conj', 'Subj', 'Cmpl', 'Objc', 'PreC', 'Adju', 'Rela', 'Nega', 'PreO', 'Time', 'Modi', 'Loca', 'Intj', 'Voct', 'Ques', 'Frnt', 'PreS', 'NCop', 'IntS', 'PrAd', 'Supp', 'PtcO', 'Exst', 'NCoS', 'ModS', 'EPPr', 'ExsS', 'PrcS']\n"
     ]
    }
   ],
   "source": [
    "data = all_data['phrase_functions']\n",
    "unique_functions = unique(otype='phrase', feature='function') # N.B., I've added back our excluded functions\n",
    "print(unique_functions)"
   ]
  },
  {
   "cell_type": "code",
   "execution_count": 120,
   "metadata": {},
   "outputs": [],
   "source": [
    "df_Freq, df_Prob = makeMarkovModels(data)\n",
    "#df_Prob[\"Esther\"]"
   ]
  },
  {
   "cell_type": "code",
   "execution_count": 121,
   "metadata": {},
   "outputs": [],
   "source": [
    "MarkovSSP = MarkovChainSSP(df_Prob, data.keys())\n",
    "#MarkovSSP"
   ]
  },
  {
   "cell_type": "code",
   "execution_count": 129,
   "metadata": {},
   "outputs": [
    {
     "data": {
      "text/html": [
       "<div>\n",
       "<style>\n",
       "    .dataframe thead tr:only-child th {\n",
       "        text-align: right;\n",
       "    }\n",
       "\n",
       "    .dataframe thead th {\n",
       "        text-align: left;\n",
       "    }\n",
       "\n",
       "    .dataframe tbody tr th {\n",
       "        vertical-align: top;\n",
       "    }\n",
       "</style>\n",
       "<table border=\"1\" class=\"dataframe\">\n",
       "  <thead>\n",
       "    <tr style=\"text-align: right;\">\n",
       "      <th></th>\n",
       "      <th>Genesis</th>\n",
       "      <th>sbh</th>\n",
       "      <th>Exodus</th>\n",
       "      <th>Leviticus</th>\n",
       "      <th>Deuteronomy</th>\n",
       "      <th>Joshua</th>\n",
       "      <th>Judges</th>\n",
       "      <th>1_Samuel</th>\n",
       "      <th>2_Samuel</th>\n",
       "      <th>1_Kings</th>\n",
       "      <th>2_Kings</th>\n",
       "      <th>Esther</th>\n",
       "      <th>lbh</th>\n",
       "      <th>Ezra</th>\n",
       "      <th>Nehemiah</th>\n",
       "      <th>1_Chronicles</th>\n",
       "      <th>2_Chronicles</th>\n",
       "    </tr>\n",
       "  </thead>\n",
       "  <tbody>\n",
       "    <tr>\n",
       "      <th>Genesis</th>\n",
       "      <td>0.000000</td>\n",
       "      <td>1.342735</td>\n",
       "      <td>2.198352</td>\n",
       "      <td>2.787601</td>\n",
       "      <td>2.634807</td>\n",
       "      <td>2.103538</td>\n",
       "      <td>1.775712</td>\n",
       "      <td>2.138744</td>\n",
       "      <td>2.094362</td>\n",
       "      <td>2.019113</td>\n",
       "      <td>1.877317</td>\n",
       "      <td>2.247436</td>\n",
       "      <td>1.874109</td>\n",
       "      <td>2.510136</td>\n",
       "      <td>2.344768</td>\n",
       "      <td>2.525004</td>\n",
       "      <td>2.381844</td>\n",
       "    </tr>\n",
       "    <tr>\n",
       "      <th>sbh</th>\n",
       "      <td>1.342735</td>\n",
       "      <td>0.000000</td>\n",
       "      <td>2.148457</td>\n",
       "      <td>2.843938</td>\n",
       "      <td>2.304003</td>\n",
       "      <td>2.107010</td>\n",
       "      <td>1.796646</td>\n",
       "      <td>1.978990</td>\n",
       "      <td>1.865342</td>\n",
       "      <td>1.754141</td>\n",
       "      <td>1.709577</td>\n",
       "      <td>2.273997</td>\n",
       "      <td>1.830422</td>\n",
       "      <td>2.587075</td>\n",
       "      <td>2.493642</td>\n",
       "      <td>2.533878</td>\n",
       "      <td>2.260525</td>\n",
       "    </tr>\n",
       "    <tr>\n",
       "      <th>Exodus</th>\n",
       "      <td>2.198352</td>\n",
       "      <td>2.148457</td>\n",
       "      <td>0.000000</td>\n",
       "      <td>2.409809</td>\n",
       "      <td>2.300792</td>\n",
       "      <td>2.115486</td>\n",
       "      <td>2.061556</td>\n",
       "      <td>2.316774</td>\n",
       "      <td>2.084821</td>\n",
       "      <td>2.447866</td>\n",
       "      <td>1.964054</td>\n",
       "      <td>2.249643</td>\n",
       "      <td>2.287522</td>\n",
       "      <td>2.390076</td>\n",
       "      <td>2.217108</td>\n",
       "      <td>2.475626</td>\n",
       "      <td>2.420483</td>\n",
       "    </tr>\n",
       "    <tr>\n",
       "      <th>Leviticus</th>\n",
       "      <td>2.787601</td>\n",
       "      <td>2.843938</td>\n",
       "      <td>2.409809</td>\n",
       "      <td>0.000000</td>\n",
       "      <td>2.385568</td>\n",
       "      <td>2.073437</td>\n",
       "      <td>2.667855</td>\n",
       "      <td>2.561513</td>\n",
       "      <td>2.686903</td>\n",
       "      <td>2.771338</td>\n",
       "      <td>2.702982</td>\n",
       "      <td>2.520241</td>\n",
       "      <td>2.920079</td>\n",
       "      <td>2.529245</td>\n",
       "      <td>2.570941</td>\n",
       "      <td>2.501424</td>\n",
       "      <td>2.602050</td>\n",
       "    </tr>\n",
       "    <tr>\n",
       "      <th>Deuteronomy</th>\n",
       "      <td>2.634807</td>\n",
       "      <td>2.304003</td>\n",
       "      <td>2.300792</td>\n",
       "      <td>2.385568</td>\n",
       "      <td>0.000000</td>\n",
       "      <td>2.134695</td>\n",
       "      <td>2.429144</td>\n",
       "      <td>2.508744</td>\n",
       "      <td>2.304106</td>\n",
       "      <td>2.644129</td>\n",
       "      <td>2.120020</td>\n",
       "      <td>2.595378</td>\n",
       "      <td>2.643735</td>\n",
       "      <td>2.658275</td>\n",
       "      <td>2.639603</td>\n",
       "      <td>2.697643</td>\n",
       "      <td>2.392374</td>\n",
       "    </tr>\n",
       "    <tr>\n",
       "      <th>Joshua</th>\n",
       "      <td>2.103538</td>\n",
       "      <td>2.107010</td>\n",
       "      <td>2.115486</td>\n",
       "      <td>2.073437</td>\n",
       "      <td>2.134695</td>\n",
       "      <td>0.000000</td>\n",
       "      <td>2.126246</td>\n",
       "      <td>2.048914</td>\n",
       "      <td>2.213495</td>\n",
       "      <td>2.047466</td>\n",
       "      <td>1.824195</td>\n",
       "      <td>2.289788</td>\n",
       "      <td>2.320945</td>\n",
       "      <td>2.224771</td>\n",
       "      <td>2.364959</td>\n",
       "      <td>2.066601</td>\n",
       "      <td>1.990999</td>\n",
       "    </tr>\n",
       "    <tr>\n",
       "      <th>Judges</th>\n",
       "      <td>1.775712</td>\n",
       "      <td>1.796646</td>\n",
       "      <td>2.061556</td>\n",
       "      <td>2.667855</td>\n",
       "      <td>2.429144</td>\n",
       "      <td>2.126246</td>\n",
       "      <td>0.000000</td>\n",
       "      <td>1.858920</td>\n",
       "      <td>1.926736</td>\n",
       "      <td>2.242604</td>\n",
       "      <td>1.971584</td>\n",
       "      <td>2.137569</td>\n",
       "      <td>2.055872</td>\n",
       "      <td>2.597486</td>\n",
       "      <td>2.114112</td>\n",
       "      <td>2.439966</td>\n",
       "      <td>2.350991</td>\n",
       "    </tr>\n",
       "    <tr>\n",
       "      <th>1_Samuel</th>\n",
       "      <td>2.138744</td>\n",
       "      <td>1.978990</td>\n",
       "      <td>2.316774</td>\n",
       "      <td>2.561513</td>\n",
       "      <td>2.508744</td>\n",
       "      <td>2.048914</td>\n",
       "      <td>1.858920</td>\n",
       "      <td>0.000000</td>\n",
       "      <td>2.143661</td>\n",
       "      <td>2.173076</td>\n",
       "      <td>2.315884</td>\n",
       "      <td>2.341788</td>\n",
       "      <td>2.512508</td>\n",
       "      <td>2.546918</td>\n",
       "      <td>2.580345</td>\n",
       "      <td>2.347177</td>\n",
       "      <td>2.425663</td>\n",
       "    </tr>\n",
       "    <tr>\n",
       "      <th>2_Samuel</th>\n",
       "      <td>2.094362</td>\n",
       "      <td>1.865342</td>\n",
       "      <td>2.084821</td>\n",
       "      <td>2.686903</td>\n",
       "      <td>2.304106</td>\n",
       "      <td>2.213495</td>\n",
       "      <td>1.926736</td>\n",
       "      <td>2.143661</td>\n",
       "      <td>0.000000</td>\n",
       "      <td>2.304460</td>\n",
       "      <td>2.125787</td>\n",
       "      <td>2.210239</td>\n",
       "      <td>2.298220</td>\n",
       "      <td>2.569258</td>\n",
       "      <td>2.584698</td>\n",
       "      <td>2.622692</td>\n",
       "      <td>2.489642</td>\n",
       "    </tr>\n",
       "    <tr>\n",
       "      <th>1_Kings</th>\n",
       "      <td>2.019113</td>\n",
       "      <td>1.754141</td>\n",
       "      <td>2.447866</td>\n",
       "      <td>2.771338</td>\n",
       "      <td>2.644129</td>\n",
       "      <td>2.047466</td>\n",
       "      <td>2.242604</td>\n",
       "      <td>2.173076</td>\n",
       "      <td>2.304460</td>\n",
       "      <td>0.000000</td>\n",
       "      <td>2.062121</td>\n",
       "      <td>2.284713</td>\n",
       "      <td>2.255838</td>\n",
       "      <td>2.520330</td>\n",
       "      <td>2.596893</td>\n",
       "      <td>2.287806</td>\n",
       "      <td>2.186606</td>\n",
       "    </tr>\n",
       "    <tr>\n",
       "      <th>2_Kings</th>\n",
       "      <td>1.877317</td>\n",
       "      <td>1.709577</td>\n",
       "      <td>1.964054</td>\n",
       "      <td>2.702982</td>\n",
       "      <td>2.120020</td>\n",
       "      <td>1.824195</td>\n",
       "      <td>1.971584</td>\n",
       "      <td>2.315884</td>\n",
       "      <td>2.125787</td>\n",
       "      <td>2.062121</td>\n",
       "      <td>0.000000</td>\n",
       "      <td>2.093277</td>\n",
       "      <td>1.889051</td>\n",
       "      <td>2.567753</td>\n",
       "      <td>2.348226</td>\n",
       "      <td>2.408691</td>\n",
       "      <td>1.976670</td>\n",
       "    </tr>\n",
       "    <tr>\n",
       "      <th>Esther</th>\n",
       "      <td>2.247436</td>\n",
       "      <td>2.273997</td>\n",
       "      <td>2.249643</td>\n",
       "      <td>2.520241</td>\n",
       "      <td>2.595378</td>\n",
       "      <td>2.289788</td>\n",
       "      <td>2.137569</td>\n",
       "      <td>2.341788</td>\n",
       "      <td>2.210239</td>\n",
       "      <td>2.284713</td>\n",
       "      <td>2.093277</td>\n",
       "      <td>0.000000</td>\n",
       "      <td>2.139365</td>\n",
       "      <td>2.314756</td>\n",
       "      <td>2.386808</td>\n",
       "      <td>2.469437</td>\n",
       "      <td>2.445864</td>\n",
       "    </tr>\n",
       "    <tr>\n",
       "      <th>lbh</th>\n",
       "      <td>1.874109</td>\n",
       "      <td>1.830422</td>\n",
       "      <td>2.287522</td>\n",
       "      <td>2.920079</td>\n",
       "      <td>2.643735</td>\n",
       "      <td>2.320945</td>\n",
       "      <td>2.055872</td>\n",
       "      <td>2.512508</td>\n",
       "      <td>2.298220</td>\n",
       "      <td>2.255838</td>\n",
       "      <td>1.889051</td>\n",
       "      <td>2.139365</td>\n",
       "      <td>0.000000</td>\n",
       "      <td>2.542317</td>\n",
       "      <td>2.212990</td>\n",
       "      <td>2.305798</td>\n",
       "      <td>1.848655</td>\n",
       "    </tr>\n",
       "    <tr>\n",
       "      <th>Ezra</th>\n",
       "      <td>2.510136</td>\n",
       "      <td>2.587075</td>\n",
       "      <td>2.390076</td>\n",
       "      <td>2.529245</td>\n",
       "      <td>2.658275</td>\n",
       "      <td>2.224771</td>\n",
       "      <td>2.597486</td>\n",
       "      <td>2.546918</td>\n",
       "      <td>2.569258</td>\n",
       "      <td>2.520330</td>\n",
       "      <td>2.567753</td>\n",
       "      <td>2.314756</td>\n",
       "      <td>2.542317</td>\n",
       "      <td>0.000000</td>\n",
       "      <td>2.525129</td>\n",
       "      <td>2.119337</td>\n",
       "      <td>2.489890</td>\n",
       "    </tr>\n",
       "    <tr>\n",
       "      <th>Nehemiah</th>\n",
       "      <td>2.344768</td>\n",
       "      <td>2.493642</td>\n",
       "      <td>2.217108</td>\n",
       "      <td>2.570941</td>\n",
       "      <td>2.639603</td>\n",
       "      <td>2.364959</td>\n",
       "      <td>2.114112</td>\n",
       "      <td>2.580345</td>\n",
       "      <td>2.584698</td>\n",
       "      <td>2.596893</td>\n",
       "      <td>2.348226</td>\n",
       "      <td>2.386808</td>\n",
       "      <td>2.212990</td>\n",
       "      <td>2.525129</td>\n",
       "      <td>0.000000</td>\n",
       "      <td>2.374652</td>\n",
       "      <td>2.661221</td>\n",
       "    </tr>\n",
       "    <tr>\n",
       "      <th>1_Chronicles</th>\n",
       "      <td>2.525004</td>\n",
       "      <td>2.533878</td>\n",
       "      <td>2.475626</td>\n",
       "      <td>2.501424</td>\n",
       "      <td>2.697643</td>\n",
       "      <td>2.066601</td>\n",
       "      <td>2.439966</td>\n",
       "      <td>2.347177</td>\n",
       "      <td>2.622692</td>\n",
       "      <td>2.287806</td>\n",
       "      <td>2.408691</td>\n",
       "      <td>2.469437</td>\n",
       "      <td>2.305798</td>\n",
       "      <td>2.119337</td>\n",
       "      <td>2.374652</td>\n",
       "      <td>0.000000</td>\n",
       "      <td>2.318653</td>\n",
       "    </tr>\n",
       "    <tr>\n",
       "      <th>2_Chronicles</th>\n",
       "      <td>2.381844</td>\n",
       "      <td>2.260525</td>\n",
       "      <td>2.420483</td>\n",
       "      <td>2.602050</td>\n",
       "      <td>2.392374</td>\n",
       "      <td>1.990999</td>\n",
       "      <td>2.350991</td>\n",
       "      <td>2.425663</td>\n",
       "      <td>2.489642</td>\n",
       "      <td>2.186606</td>\n",
       "      <td>1.976670</td>\n",
       "      <td>2.445864</td>\n",
       "      <td>1.848655</td>\n",
       "      <td>2.489890</td>\n",
       "      <td>2.661221</td>\n",
       "      <td>2.318653</td>\n",
       "      <td>0.000000</td>\n",
       "    </tr>\n",
       "  </tbody>\n",
       "</table>\n",
       "</div>"
      ],
      "text/plain": [
       "               Genesis       sbh    Exodus  Leviticus  Deuteronomy    Joshua  \\\n",
       "Genesis       0.000000  1.342735  2.198352   2.787601     2.634807  2.103538   \n",
       "sbh           1.342735  0.000000  2.148457   2.843938     2.304003  2.107010   \n",
       "Exodus        2.198352  2.148457  0.000000   2.409809     2.300792  2.115486   \n",
       "Leviticus     2.787601  2.843938  2.409809   0.000000     2.385568  2.073437   \n",
       "Deuteronomy   2.634807  2.304003  2.300792   2.385568     0.000000  2.134695   \n",
       "Joshua        2.103538  2.107010  2.115486   2.073437     2.134695  0.000000   \n",
       "Judges        1.775712  1.796646  2.061556   2.667855     2.429144  2.126246   \n",
       "1_Samuel      2.138744  1.978990  2.316774   2.561513     2.508744  2.048914   \n",
       "2_Samuel      2.094362  1.865342  2.084821   2.686903     2.304106  2.213495   \n",
       "1_Kings       2.019113  1.754141  2.447866   2.771338     2.644129  2.047466   \n",
       "2_Kings       1.877317  1.709577  1.964054   2.702982     2.120020  1.824195   \n",
       "Esther        2.247436  2.273997  2.249643   2.520241     2.595378  2.289788   \n",
       "lbh           1.874109  1.830422  2.287522   2.920079     2.643735  2.320945   \n",
       "Ezra          2.510136  2.587075  2.390076   2.529245     2.658275  2.224771   \n",
       "Nehemiah      2.344768  2.493642  2.217108   2.570941     2.639603  2.364959   \n",
       "1_Chronicles  2.525004  2.533878  2.475626   2.501424     2.697643  2.066601   \n",
       "2_Chronicles  2.381844  2.260525  2.420483   2.602050     2.392374  1.990999   \n",
       "\n",
       "                Judges  1_Samuel  2_Samuel   1_Kings   2_Kings    Esther  \\\n",
       "Genesis       1.775712  2.138744  2.094362  2.019113  1.877317  2.247436   \n",
       "sbh           1.796646  1.978990  1.865342  1.754141  1.709577  2.273997   \n",
       "Exodus        2.061556  2.316774  2.084821  2.447866  1.964054  2.249643   \n",
       "Leviticus     2.667855  2.561513  2.686903  2.771338  2.702982  2.520241   \n",
       "Deuteronomy   2.429144  2.508744  2.304106  2.644129  2.120020  2.595378   \n",
       "Joshua        2.126246  2.048914  2.213495  2.047466  1.824195  2.289788   \n",
       "Judges        0.000000  1.858920  1.926736  2.242604  1.971584  2.137569   \n",
       "1_Samuel      1.858920  0.000000  2.143661  2.173076  2.315884  2.341788   \n",
       "2_Samuel      1.926736  2.143661  0.000000  2.304460  2.125787  2.210239   \n",
       "1_Kings       2.242604  2.173076  2.304460  0.000000  2.062121  2.284713   \n",
       "2_Kings       1.971584  2.315884  2.125787  2.062121  0.000000  2.093277   \n",
       "Esther        2.137569  2.341788  2.210239  2.284713  2.093277  0.000000   \n",
       "lbh           2.055872  2.512508  2.298220  2.255838  1.889051  2.139365   \n",
       "Ezra          2.597486  2.546918  2.569258  2.520330  2.567753  2.314756   \n",
       "Nehemiah      2.114112  2.580345  2.584698  2.596893  2.348226  2.386808   \n",
       "1_Chronicles  2.439966  2.347177  2.622692  2.287806  2.408691  2.469437   \n",
       "2_Chronicles  2.350991  2.425663  2.489642  2.186606  1.976670  2.445864   \n",
       "\n",
       "                   lbh      Ezra  Nehemiah  1_Chronicles  2_Chronicles  \n",
       "Genesis       1.874109  2.510136  2.344768      2.525004      2.381844  \n",
       "sbh           1.830422  2.587075  2.493642      2.533878      2.260525  \n",
       "Exodus        2.287522  2.390076  2.217108      2.475626      2.420483  \n",
       "Leviticus     2.920079  2.529245  2.570941      2.501424      2.602050  \n",
       "Deuteronomy   2.643735  2.658275  2.639603      2.697643      2.392374  \n",
       "Joshua        2.320945  2.224771  2.364959      2.066601      1.990999  \n",
       "Judges        2.055872  2.597486  2.114112      2.439966      2.350991  \n",
       "1_Samuel      2.512508  2.546918  2.580345      2.347177      2.425663  \n",
       "2_Samuel      2.298220  2.569258  2.584698      2.622692      2.489642  \n",
       "1_Kings       2.255838  2.520330  2.596893      2.287806      2.186606  \n",
       "2_Kings       1.889051  2.567753  2.348226      2.408691      1.976670  \n",
       "Esther        2.139365  2.314756  2.386808      2.469437      2.445864  \n",
       "lbh           0.000000  2.542317  2.212990      2.305798      1.848655  \n",
       "Ezra          2.542317  0.000000  2.525129      2.119337      2.489890  \n",
       "Nehemiah      2.212990  2.525129  0.000000      2.374652      2.661221  \n",
       "1_Chronicles  2.305798  2.119337  2.374652      0.000000      2.318653  \n",
       "2_Chronicles  1.848655  2.489890  2.661221      2.318653      0.000000  "
      ]
     },
     "execution_count": 129,
     "metadata": {},
     "output_type": "execute_result"
    }
   ],
   "source": [
    "MarkovDistance = distanceMarkovTransitionMatrix(df_Prob, data.keys())\n",
    "MarkovDistance"
   ]
  },
  {
   "cell_type": "code",
   "execution_count": 130,
   "metadata": {},
   "outputs": [
    {
     "name": "stderr",
     "output_type": "stream",
     "text": [
      "C:\\Users\\etien\\Anaconda3\\lib\\site-packages\\ipykernel_launcher.py:1: ClusterWarning: scipy.cluster: The symmetric non-negative hollow observation matrix looks suspiciously like an uncondensed distance matrix\n",
      "  \"\"\"Entry point for launching an IPython kernel.\n"
     ]
    },
    {
     "data": {
